VISA|ATM2.1          |GSBP|4834460100000082   |171219|111401|000964|100000| 210|020000086684|000000000000| 0|5|000|         49554|    10000|    1118589140|171219|    |    |     476134|        130|C|808464432|    10000|808464432|    0|    0|    0|    0
VISA|ATM2.2          |GSBP|4834460100000082   |171219|111406|000965|101100| 210|020000086684|000000000000| 0|5|000|         99108|    10000|    1118480032|171219|    |    |     476134|        130|C|808464432|    10000|808464432|    0|    0|    0|    0
VISA|ATM2.3          |GSBP|4834460100000082   |171219|111412|000966|100100| 210|000000000000|000000000000| 0|3|057|        148662|        0|             0|171219|    |    |     476134|        130|C|808464432|        0|808464432|    0|    0|    0|    0
VISA|ATM2.4          |GSBP|4834460100000082   |171219|111417|000967|101100| 210|020000086684|000000000000| 0|5|000|        198216|    10000|    1118271816|171219|    |    |     476134|        130|C|808464432|    10000|808464432|    0|    0|    0|    0
VISA|ATM2.11         |GSBP|4834460100000082   |171219|111422|000968|100000| 210|020000086684|000000000000| 0|5|053|        421209|        0|             0|171219|    |    |     476134|        130|C|808464432|        0|808464432|    0|    0|    0|    0
VISA|ATM2.14         |GSBP|4834460100000082   |171219|111427|000969|100000| 210|020000086684|000000000000| 0|5|000|        569870|    10000|    1117691946|171219|    |    |     476134|        130|C|808464432|    10000|808464432|    0|    0|    0|    0
VISA|ATM2.15         |GSBP|4834460100000082   |171219|111433|000970|100000| 210|020000086684|000000000000| 0|5|082|        569870|        0|             0|171219|    |    |     476134|        130|C|808464432|        0|808464432|    0|    0|    0|    0
VISA|ATM2.16         |GSBP|4834460100000082   |171219|111438|000971|100000| 210|020000086684|000000000000| 0|5|095|        545093|        0|             0|171219|    |    |     476134|        130|C|808464432|        0|808464432|    0|    0|    0|    0
VISA|ATM2.17         |GSBP|4834460100000082   |171219|111443|000972|100000| 210|020000086684|000000000000| 0|5|095|        545093|        0|             0|171219|    |    |     476134|        130|C|808464432|        0|808464432|    0|    0|    0|    0
VISA|ATM3.1          |GSBP|4834460100000082   |171219|111448|000973|101100| 210|020000086684|000000000000| 0|5|096|        619425|        0|             0|171219|    |    |     476134|        130|C|808464432|        0|808464432|    0|    0|    0|    0
VISA|ATM4.2          |GSBP|4834460100000082   |171219|111459|000975|301100| 210|020000086684|000000000000| 0|5|000|             0|     1500|    1117690446|171219|    |    |     476134|        130|C|808464432|     1500|808464432|    0|    0|    0|    0
VISA|ATM4.3          |GSBP|4834460100000082   |171219|111504|000976|300100| 210|000000022103|000000000000| 0|5|095|             0|        0|             0|171219|    |    |     476134|        130|C|808464432|        0|808464432|    0|    0|    0|    0
VISA|ATM4.9          |GSBP|4834460100000082   |171219|111515|000978|301100| 210|020000086684|000000000000| 0|5|053|             0|        0|             0|171219|    |    |     476134|        130|C|808464432|        0|808464432|    0|    0|    0|    0
VISA|ATM7.1          |GSBP|4834460100000082   |171219|111520|000979|100000| 210|020000086684|000000000000| 0|5|000|        123885|    10000|    1117556561|171219|    |    |     476134|        130|C|808464432|    10000|808464432|    0|    0|    0|    0
VISA|ATM7.1          |GSBP|4834460100000082   |171219|111530|000981|100000| 210|020000086684|000000000000| 0|5|000|        123885|    10000|    1117422676|171219|    |    |     476134|        130|C|808464432|    10000|808464432|    0|    0|    0|    0
VISA|ATM7.1          |GSBP|4834460100000082   |171219|111706|000979|100000| 420|020000086684|000000000000| 0|5|000|        123885|    10000|             0|171219|    |    |     476134|        130|C|808464432|    10000|808464432|    0|    0|    0|    0
VISA|ATM7.1          |GSBP|4834460100000082   |171219|111707|000981|100000| 420|020000086684|000000000000| 0|5|000|        123885|    10000|             0|171219|    |    |     476134|        130|C|808464432|    10000|808464432|    0|    0|    0|    0
